02097585
80121787
17159150
95878491
77604393
78908240
89917117
07368253
44496757
50592510
19414201
12214741
23173100
83696320
61001202
51808507
12084601
27767182
66244958
36114449
64534433
58320042
96184135
94184615
52905386
58625655
60336031
03424518
28420078
46490986
25784632
36971053
40465668
27328473
87509806
38874821
73568402
91112825
74320695
80820487
68022974
16685118
03574535
31895250
40098102
57598316
39454615
16820537
50349003
09110248
87665080
66647972
73712951
71352246
09888555
72292789
31466851
90106396
83937996
28785191
20079617
28464297
23006726
85391883
69391007
35538551
55557114
36350425
46464066
19113787
45824482
21556372
96396699
52010211
70315652
24715930
84775567
21274309
52560835
08517421
20288613
68878451
60608379
60420219
95605339
23890571
47078204
39962276
43054421
88218821
32901838
65332429
63026461
43542128
83721741
95699909
83211873
77687731
68191029
39760126
24661514
89553144
91727534
05361663
55607502
48979323
30570967
07437388
71202121
89638119
10913810
69291199
58723551
43422512
89762404
15553011
16410059
52065802
91868030
96647505
47044939
74608289
06210802
77073471
30170146
20968228
07794808
91567740
68459600
53549761
35588484
78746443
60220554
04851729
84329335
61560073
97903253
44413913
02240047
80022262
12317795
96038019
29804697
11273775
99852274
32643020
35236820
08440332
98729828
40551889
56023754
46608617
11413890
92064972
06952323
69211034
11331665
01696677
16378021
16711800
49372804
13332781
09129499
16050851
73134469
32512146
34149042
98419211
52781976
27746440
75453951
99635475
71628631
28619036
31320671
38962837
77664230
72331651
90404916
86659705
11546721
26265521
25201157
46027953
34563014
20441624
65721491
56848122
66841454
45427892
05435570
76645105
86695032
66961164
52689457
58650195
77348211
35116620
55512305
87852450
74014824
58502436
44613521
71736066
23851442
94644743
55090292
06176766
52295706
04936898
96422871
98272939
85614285
29507924
88042015
46721885
36854714
66331957
19703558
90314334
49822429
70875042
24854086
86365383
97955803
51258148
64026035
84640163
73770332
23457211
06510666
48651348
63244372
33475945
03937068
05176439
89241486
96226142
84028650
39397932
30194239
29017372
43127352
89035176
22365252
30545685
39307406
45800881
59431505
44883296
41814169
89766748
27195421
15621626
41656484
40894560
28891329
58706895
21408518
15477376
52238518
79617401
92297795
23028967
37654837
67377703
71330608
85212135
72230602
94660423
81627619
87172545
57160541
95598293
60035282
51537525
53391310
53611958
19753921
17237070
51193925
00109530
21617240
76995933
11794276
46380860
87665351
81093433
97568868
78923625
91574148
76096002
90268923
42248026
30983778
72812667
48994773
87088634
68423677
41807221
22538866
73868647
11877760
40931582
85400417
79668745
18354551
83787798
27800814
76605505
01992584
04068128
99883016
29444531
66502058
44638398
40790339
59622009
09816444
05034385
55979584
05497995
74269303
56038411
14168647
28440311
67744415
35435360
67973642
62742282
21382577
00302937
70155062
33483035
05056808
29527064
89783000
55203949
90100226
03946008
18083425
16612559
22656025
24536897
04722355
92073253
20215629
77126700
72068701
58196211
47618890
86117093
19092801
61295887
63679462
60039347
34534191
86470578
18840284
52968041
85550630
69218560
06850884
35207822
14947432
33937245
15785069
84531676
68547975
79005310
44282789
86143912
10209564
17579424
14257068
15536895
52878904
72442520
18270854
92163945
63194664
96549971
15940117
31373996
40099886
14686140
18838254
76901884
46569471
53287902
38695805
55920464
94647936
65918900
03366485
96729721
02712452
11189838
61902248
90469985
01558162
79459291
67091870
82309897
87914508
61524454
32818418
92763103
55989047
32575229
15526946
53100798
34336118
02743397
73634533
70154049
51272340
36461069
71883516
21517982
85001415
38620173
93774769
46949971
48634640
20299912
75131763
63871502
93219832
22240844
69124172
18659560
57892418
26021804
05567863
79443569
37352515
07535223
15396900
29590438
47196098
59292851
48514508
07099667
36674484
93559083
79172350
45163635
27972279
32613983
00689997
54461427
57008892
86453228
85788347
97334709
44307569
87904951
38838012
08361365
42026953
05976697
68640375
64900917
64503061
98009222
66180731
03699970
61273827
64375504
71213325
82142510
36395996
00008105
03193617
77914687
79975737
69120286
04872185
90186436
44189479
75210175
76698186
15942006
50850993
67502366
09554314
40010644
36357505
67812915
76914348
55600604
83665139
23487364
78216547
95735135
07895710
25575312
72217206
39179564
54012951
92995471
02529660
78790482
06445292
83641712
29599044
41437815
01032464
62510456
58656619
64563452
87116909
83860172
56161619
47271853
34177095
38914283
93661006
65003535
73252222
65937809
23993196
43345401
77547988
26766450
90436256
78457756
20793246
46551238
31957452
24119405
55835009
30234327
73737500
49754581
31316136
04199992
97641865
06205695
53835781
00677364
93121234
52588648
69218931
34409148
32946073
48545055
02966095
94376084
80364447
86883749
39574700
80385807
77345600
38948671
29949359
15182624
39693541
05358027
87463485
24116678
50733879
95449085
10041333
16678618
88808133
00997646
18634164
83264229
10413857
03054934
92109944
91249260
50229466
23036239
16305710
85279585
47492962
95617912
00182173
08153207
27395665
98366949
41382320
22955236
36451667
18833453
07163151
74993647
32072605
76263996
09350672
75916730
69316544
89500478
01672049
99881110
83474147
14848098
83944099
16253853
70655507
51540877
15207927
06662327
18252829
87264411
64557736
96883011
76082270
78839639
96856635
16364372
64881932
90261490
88318591
81203096
18069950
40285785
96845809
04320388
39892994
03047716
98713370
30230307
76312086
13422209
74443870
54003575
18945098
65477741
51760601
47235928
42777149
17198704
52257759
22675015
86661225
67907926
19804011
23215459
13401322
48074818
05924243
25753035
68348226
28713209
52597380
53327942
81635341
03570844
01005122
15886210
18987945
95173780
36918746
62135596
30813586
96819731
20979453
35417207
58723957
50632998
65529680
66504714
34951764
96085055
93556801
29342496
17021919
41339687
16787694
05071003
56870838
34596542
23178686
83511390
65281756
90253766
82313938
78221653
08060228
89270767
07434806
05878675
20701718
24545734
60004117
10396480
14474676
54800187
33271308
74349558
01417937
74196575
96236366
25753668
20388790
88380345
27200849
76969366
34373767
00466950
94805481
60013428
22009918
73030063
16123564
78162941
21289470
17537100
95649743
68147375
72968991
21359223
53564388
27936892
29948597
26103579
36106529
07572104
19896001
40021243
09325966
65731702
96932155
24551949
00625627
88210791
74129492
74704598
67893069
31549954
96278155
23217224
22814038
18857444
26324688
92023395
04623332
00566330
32633787
89417533
95224795
54674534
39776924
98872905
26958365
38500858
95149130
19676082
04300016
97765158
16036631
60352661
91256235
60526624
73467413
21747893
98376815
49831615
28662100
18283218
26124227
75882336
71019600
02460326
08448143
26509764
31682375
79462748
78546767
66793830
10716086
35797378
62649937
80912655
26132037
69403083
49415509
84598591
09980435
14416506
97892741
89633471
62798676
87877432
75928741
84096782
78677231
95996951
14899208
43199849
31811931
18017930
92556989
44245791
26792912
14183943
13089065
60028078
96323286
79350443
60351706
12702671
85900371
08643744
05304333
40739102
33703366
55866454
81014375
60625290
18517037
57060705
44796067
92224304
72775408
39313842
43944291
97285229
42034269
23178828
39214341
24142228
27337791
72241602
80923265
21793709
43480098
39179782
66111884
00547258
28366629
59783876
24179409
69603044
60735832
97467611
49834382
54579749
25775167
78080511
43782898
10801193
52042346
34020592
45119052
67145101
55387599
03436116
42827326
03312483
00645664
29918788
43176453
48816107
01847208
98715553
68154006
13117028
97002556
79325027
05905038
98586261
34600610
64077332
92207640
62304727
83013489
56224177
58685170
12540093
28177996
20179198
41135434
84098099
82226255
59695435
52020226
44085249
39020627
22904223
45095192
33748258
73935404
16317202
32130319
80520394
41313589
85439970
71489941
27462977
66857487
59709043
53702694
03500487
37676772
22738418
84741797
85588843
71231715
98940169
25689168
22386839
39341963
02582341
96314122
28769316
11377034
61018511
35113645
94109441
05783724
36368673
07011030
90332375
34246676
34621647
33044531
05924599
80401594
74120734
64063265
73092455
89328100
04116225
92891238
89932071
75026536
95394117
78470885
24762666
78173982
26116356
08867077
92755316
53533481
13140170
00296707
69686489
79909903
83286336
11434952
25780996
96539641
00196732
96731972
97074744
38327042
01826919
95875464
78022245
57853742
95880604
97746244
91350537
36537893
13768785
61990678
42948793
12221467
85723898
97466061
88102799
61745323
35040842
97140901
21300330
69230446
04233448
21661064
92315811
63916192
85122215
82340883
86158535
38408161
48608221
23608667
52456229
33430111
80769952
30006622
51609153
09366547
61308453
56093512
06838294
48502369
94955077
59110170
61333336
49347403
79834025
51818837
85753637
18518080
06594306
01288356
42032791
03505048
37774544
68055244
45632051
07927707
43149693
82674946
67615798
70940145
26579982
75721652
48931504
40024748
36225450
70740719
36192410
10976153
37421513
73479602
88705771
24184510
01846721
38695469
79551622
31905618
85949378
31401315
85987600
80554341
29851011
36213075
60432352
62685343
11965089
01445816
39957017
38148513
31265687
38873523
39139290
46634842
94129004
43792302
59179849
22199809
92814403
80124656
91328477
74466691
04243118
33188675
70768673
48007552
01467697
58411404
26233497
24814302
33362089
88723597
74910547
06417177
01429296
05844148
64239588
29599014
80242411
52574837
55990838
23601856
42068459
68350191
81688033
50227778
85678038
94879456
51878697
43128587
00698424
46622541
26478300
93939990
38520012
51520751
96940230
09978918
47841898
60561603
21270958
48449953
18874255
21100965
58956009
37750832
63600630
51461402
44890981
30702354
05327705
96407081
08775556
19077787
77762267
02299220
74156613
17930100
88375850
85665547
98809916
79395841
94943559
96358433
18177239
10093168
98103731
43797115
57744033
83783817
25364349
77692242
42215346
22043774
34314921
25973516
55052971
90674656
72531422
73302432
62555078
81686373
07043799
35895937
32062852
10046173
18719330
22377371
82081419
69241380
88789528
34058593
66538530
37762123
12768142
66612925
46236742
11791994
28935802
57256965
62699609
07418553
25795127
31387125
15170814
36563861
26611037
96124719
87564915
91719127
61878962
81254839
43615446
18633143
87893645
24143109
51501024
53875478
39119217
10978967
67000223
59251793
49258572
85841355
34291781
95496507
93128607
94183601
01897353
04507785
52345113
41060349
14004685
42197015
64781065
66814969
80208079
74017894
38717963
02311729
83078869
18282398
22225601
97878997
03688289
89810279
98084979
87362808
08153152
61260642
22024382
00297093
97081101
60852291
39478647
53312109
49532555
35957805
98934685
12525262
59969085
91485071
12628140
13975659
34358087
13977776
68391793
65599502
97186864
54036376
65758116
61955577
50433356
80638640
19990994
15841042
84090143
87250993
59155906
24470725
04586238
95808955
89289928
16975207
99583284
23371503
69138325
28385308
46399133
61469499
98663779
89791572
71793243
81628597
61334580
05205688
94328229
95261638
00570177
24813380
61911177
20865652
88508254
82414238
62011180
99434054
48221402
28750460
69985163
41385792
96814454
91830900
33983370
94544279
15130219
87580259
70219808
61023945
14325271
48275606
82470366
99502405
64066184
43387365
39408323
47957540
89581212
40738908
85541566
77118308
57992120
43008405
69478732
30212540
51979480
56837341
03348486
60307754
06367528
52922184
47776427
84096350
38831433
31659716
03636875
91570568
12694541
25403162
71543467
50581566
95356004
23102276
51112172
42205146
09249031
48805848
33704833
09229291
96758162
17388832
82382321
06279211
42141080
15840172
19367181
93792042
37486323
41728430
31455751
90192533
97493836
95239752
60332051
58600888
85392512
59979894
12010136
61748936
50257505
80078972
86484288
56218452
52809387
28149495
81074122
77942211
18067547
84683740
17212681
70331195
82720089
05401495
19874736
47179739
51273074
45106697
98002985
08121541
78262852
10655432
24663183
31268203
69727984
12680820
43623056
40456538
18851967
92913108
21692195
11834668
16804959
25879499
52312471
95815639
26682241
76316934
99650892
89225987
29509843
61932449
24883286
92312053
18223312
91546293
86346168
25797392
60761330
45765494
99373338
11138035
78889962
71394888
38072752
07321102
74296807
59817461
81472330
07026789
51792113
76181180
15542834
55568610
11609857
19077861
09304445
71529559
44977455
75781368
35677540
35501330
13817206
88608999
26481750
32519455
52488148
64568633
01348539
52560708
92769584
20885237
84993185
36587896
33648166
72878331
19145865
71966039
02841455
77648746
04997363
58244620
17285883
84343096
34231282
54463463
23949014
08757568
42821582
75471514
29282713
65654573
59996990
02388701
36587176
79100940
13244189
04969444
36898433
25140273
58205600
30602738
45715708
95339838
48097469
78435186
89721345
37094301
06522328
69068447
49816008
84919716
11825225
15296122
68715547
51858925
28792702
03290003
45903213
46015044
42704181
33110768
61341445
68489506
86172367
45056960
43786303
09714258
25277346
16604967
15224900
22861579
79007269
22064752
82016763
46836679
99075586
62684553
63995078
46216324
98798739
75116262
81247596
75741363
00485132
47133174
92811832
81474761
11697599
02461379
61569677
68088201
62479299
43977762
87806673
01858853
75514988
06138057
96913433
41839852
93366314
68077558
74640882
41399589
55781648
77938969
30258916
54937692
60670868
55395366
89675987
44305364
16904086
30457067
08428767
74681885
17892132
41683844
26614795
64511908
91075632
86334477
66277509
63856189
43335730
08269995
19067282
62723544
81067052
89028498
07124502
42579093
28775586
65575012
19324402
83286003
27105022
63864643
51018852
68151824
29122144
16972311
96108459
63184009
78865730
88638557
27854791
44289495
09367539
47069691
47255578
56746888
26841268
59145863
99272307
71084508
55996581
00629931
67680150
87713502
55343653
72913371
54177953
83933291
42703928
66712391
10011688
58288584
26424854
00392606
98711278
82406109
72832834
77167982
68048825
37532854
51668428
40062662
32228665
48839099
96486877
18686888
08390873
63726072
57037669
09973928
86445723
58810711
58570741
10274090
49825306
33382989
16372073
81906296
75556722
26668722
20920044
52741162
17838397
64253239
99446226
16691768
19379046
46482224
07822617
02234845
51535196
86295196
45404621
22217049
16005618
67216826
01312569
07168448
70443744
93406290
70807412
88313504
37303329
78933353
41629046
84716002
03273499
90538167
49671825
71825428
10308434
97345607
88032237
13270909
46385928
04256109
38778059
11038160
34223770
93250812
42283671
48677145
58109994
51733344
14594685
81719607
33333875
24576614
25369733
82096556
70860984
75666027
30696167
65756688
13768237
71125856
60635836
70424552
01885797
32586281
04862671
13081007
55639679
52668034
50777684
03871683
50275926
03236828
95472055
41525829
93751745
41754169
65425535
77495961
15484272
63252906
83946578
86445653
29375722
27591541
98232896
41287655
68340424
36344717
41097047
58889426
99964271
76271033
69790651
57355807
13729997
55521059
48899154
14875129
43101948
65764795
01680052
36073439
14127541
44978442
74099380
81228919
61642494
27466213
97566257
90144481
38340819
03887407
78345529
23755461
92289179
33126989
93410902
85548603
24883446
59011676
67011846
12841126
46614807
46921110
17061926
08107247
13655838
88157923
62225438
47537418
17101032
08091014
45683880
14993028
07800694
46449437
48422519
21701605
36636465
39730674
87013019
53175436
57555587
02634970
84544352
31657556
22696915
80727247
03491911
82601802
27071091
51011734
80887407
63087978
11440803
52800675
68946158
41585185
70913015
98500480
14126051
74665039
71738644
42775620
59977444
28553781
62670683
83849035
11925726
63601788
94485888
01659878
79701170
79178059
90301755
40686392
40485908
06552667
69573901
16406327
44205096
47069070
38854967
15744468
36731703
54676226
86443318
52024504
19975934
73462651
33514052
98417995
22388822
86662140
97579475
25440010
19376177
81703838
50197797
18731987
24018546
21008276
28329011
29374450
35426934
77336755
79783845
48606168
31635648
70113319
05129651
94788907
36798709
26645509
38015762
89028083
83833539
10069335
93615677
57004391
07005650
79398597
49719384
00143270
91408570
92904524
41743815
89598034
60812218
12392236
92334876
46505022
92368805
26470482
28140800
96093731
37155439
47459119
85989380
40473498
91808396
59389935
93238633
42166212
26476095
63899992
74078695
37078784
36338130
65429239
75178897
01965145
07156703
19262228
67318873
61075857
52759596
94778774
70961966
44498275
21115866
84769004
89311507
40999846
17330682
83235933
25019925
93558259
48742220
56128572
06181939
21028209
72938204
13213666
17157151
17455573
05863701
57397487
22372619
85052801
87965144
64770002
53321418
16688257
42258282
14721481
42934534
43267726
89018333
70727372
02135093
89044841
35318134
26399946
80980296
28039600
54323512
47270352
32918206
25185130
63500086
04720477
56452229
71978762
30257829
63971375
34710071
73824400
79994714
99712717
68378914
85720736
69597622
56983709
80142421
13314884
31501693
75553560
11539747
61625552
71387159
75734249
51265211
53968747
00076139
35642100
73614550
82900068
14615209
32679529
86464895
28868411
39232821
09992351
72518759
15532375
95647236
56124526
12948239
59811027
77018026
55084508
07466949
73016599
73893366
81107849
35660075
82665532
40527784
95509373
42620682
22486160
84828538
21347976
01267934
00477701
77681959
83771601
70538543
30116935
90903253
13375354
73947403
82121733
75878539
38240776
05142329
80593528
12505840
90394592
34896643
52287921
34684209
85786226
70682483
97697197
42913746
45890226
99205510
67530426
38683909
16718491
90423455
94800967
62613139
24119629
38749240
35292233
15991612
41463504
59656739
84435047
74097255
77971026
04560057
32792754
19920271
22913798
85625222
25539055
06991989
89999544
29038316
04221357
58088357
70586109
45599966
47912689
08478994
28977801
54074925
03840125
73535529
46784553
33739698
22476331
27946110
57742286
76330684
03017481
04646955
79966357
23966439
59873565
02435935
95226549
53552372
09220766
52816397
90468080
20483734
06303542
60636250
80876672
62563854
24746478
80167853
65570263
03765804
20321334
84356015
50177101
90314782
49079604
73221503
41210942
32449626
18801517
01458855
90428467
08632387
62474419
93280823
47197330
66781716
06634473
76804695
82420737
36003842
26244211
37736849
37434276
42746171
08348683
15453333
30536692
97702924
42860275
53685509
84003258
09336084
20681918
29555217
88171141
88246560
83873802
82562193
41945437
20048845
83230560
19992992
38903807
13359184
10338913
03714729
95628955
52070934
41421767
86266758
95259753
57895996
51205781
37892113
95462015
10466128
41902890
52282013
02260134
96912281
16736423
72490540
87018797
80297461
87993707
90315573
09770659
83517000
43827806
76883974
99803062
59464875
48175726
13733736
41247844
99898068
58566369
41862707
03614243
72679668
86777396
46692299
10612219
06328371
98297601
37335736
44519473
42285507
66523926
82200179
62405962
32719719
71361617
55714568
03780855
18008878
75665401
90525558
63286659
35049581
61983119
30179650
86296791
22302732
25397037
56234062
16996391
54174907
80517174
43206050
12376538
98928647
22743089
31254322
72769741
96782750
78423117
61212139
13419751
43550289
13817475
01092917
08815990
39142473
84200950
67308737
98275175
56332180
18536952
95720584
82937409
40026773
33800437
47171551
16657397
45677221
65131231
06417850
16214288
11122158
45806557
16014706
32979229
30076000
44139252
12980645
47910303
02007504
08079250
93125699
25220122
85735519
32921884
31132319
64958234
63642280
24508426
44897007
56130833
85904332
38577121
01327583
42131588
84762624
53884684
52518436
41737978
66461814
93023284
19464042
47709167
17723519
79421496
79824261
51514242
57810088
07547774
18547406
40577256
67508474
91117460
40946155
00682449
85796568
92846380
06396559
35501725
64827738
21553229
96042281
69627749
14092128
54498864
36087478
83015636
93044851
90703381
02690845
56931699
72289522
08406909
16850060
95231846
78641105
69460586
43431383
92672174
85662928
35016653
28859715
68252898
00172806
35901049
88908960
47699670
72016458
62299712
27002300
41989532
91776212
09808135
51078918
52805504
56161124
53173439
76780910
44808808
19041463
51125350
45744439
46900016
96982925
31539203
54661447
85724863
61369169
41793836
27043102
57740109
19090885
82018366
86066659
69372842
95334344
66459453
82706611
23861183
71166899
13710174
84190204
99781861
65705956
07210622
53294242
82997562
31645058
66552061
53069889
60327956
49610877
70213099
11196513
47708450
53556576
48517850
38339777
52349954
72580013
17333780
19050823
62242839
58087727
13293180
47228008
96968966
17926025
76329907
82303237
71890962
46055018
36291808
83129829
26777313
58891554
71278709
09119940
91000774
76352047
67122116
64291595
00692643
55040600
69261265
89677213
38581686
59928146
11294995
84458713
73032070
20057100
23921532
81934622
99603372
76764798
74779633
56045990
70441297
17472933
56444600
75375426
16764804
63576232
89567062
89871161
40438944
93903591
55012967
01518581
35492429
73669298
99554312
57785052
09065543
07408554
29332444
74847368
77793179
36897670
90414939
55099619
92344710
79753908
42988350
25979076
44520751
17916713
13715228
26928824
05578253
90016269
84931203
64425344
81913505
20188463
25646560
43882053
41750309
30945914
86427532
90634591
36147921
14205568
61024188
74653830
92768115
69642307
33430399
43969539
33004855
86399494
86078015
37591519
21023214
92489250
13333954
44006089
26159724
08451667
69554341
03602004
71511768
55245823
24014136
95727913
96836660
63273067
29727431
80441012
86160711
47430000
19357945
81899265
04575861
56509812
07106133
58624484
63694839
67099990
82145703
21910250
02434519
82701931
33658885
53691894
47874374
11493640
90337960
24244768
21878376
03280841
71616723
26066503
62849931
38644270
32726461
49333474
01257962
97157174
67448097
47044676
19478160
58498925
29088430
12908577
00682339
47527600
32253968
34473899
79955336
41584619
52227083
53947510
09362622
88876354
33789370
01433841
51796899
91288614
22732000
88205530
77844116
49869403
14749910
30356969
91574777
41219554
45504186
94223728
10917009
57709853
27084526
07024351
22083001
89297992
81648436
70608512
72477837
68229872
75048412
85940729
45471721
55235559
14792181
67847274
25688445
38096653
21572231
09331440
77983116
85804751
38721526
95658209
32417873
99837324
49021212
46285077
33969043
69171419
58305414
06808995
43316899
94585732
64342276
94588378
50816631
66694842
30040338
69304155
60922886
60926417
03906811
74034188
35282789
26377149
69859067
08009402
39588734
10320012
79719617
16353477
34834599
46141430
99474670
76897967
78151062
67344639
97630072
73180682
16137682
99543934
70513973
46621464
80129307
89122718
23103015
67167291
63112479
68124914
08977484
17561367
48969575
14137801
93726159
53776719
19450213
25268993
95539411
40983670
13330127
88931578
92945417
99188930
41746627
46211812
25234365
99398594
98864297
33921635
78698813
82550968
18652975
10129540
85623347
58034787
72046570
20176310
87693929
50950937
56472316
77510605
91255317
31395087
16368096
66149608
62967117
00621460
50273986
04762265
48642234
02463151
31633601
77537783
95065090
75151905
49972825
46580970
63165664
49838985
10558759
91732482
44147887
42178471
14984681
12475556
93711512
24458820
02914504
07445558
88659548
54619064
39142893
14338111
18045487
28762045
63979432
94896424
45553648
29856001
17701615
78161109
11808684
61189264
81168933
77809450
57288108
21212025
19337953
79415959
32685968
32583456
64461704
57007362
84709996
63529051
59379472
74920686
72944190
00590636
83290082
95722674
32605160
80788703
11515773
21500530
57879102
94924971
67309406
80075941
51105968
35846230
10601384
56614858
42994564
73283189
45149839
04280072
21113766
97893330
20180367
87955398
68259967
19800596
53979014
36220959
32433838
82641985
47904596
32185535
18538293
71179050
18971301
86936769
90545036
04019599
09465793
67685899
07647936
51142397
96945846
18061597
82407831
42004596
87201015
04905938
20320935
00930382
57160390
38069257
84557571
34033692
75797557
36761588
70781316
75072449
00760061
60250397
01993436
47304279
54243622
85798329
61187006
09702836
26063811
67157963
15682559
07696962
15444891
26519045
59030094
65859796
28279321
96262044
12329796
66122355
95382159
57721541
16943664
06485487
85707982
46745123
24845256
66328425
97319304
07997874
37408007
74506614
62422490
88993061
92789490
70867334
30354412
25336129
53440052
18875337
98942993
89580219
33305622
82520192
06814273
91673152
17709501
37901571
79265341
25913603
42870783
73896884
90856266
91499093
26644762
94779391
70551414
79545547
34392323
00930314
90833185
26988036
26481914
61373419
86127849
86444608
70588996
40918019
83729609
76343974
85792471
04161207
01322068
78258580
36694919
03934878
73275177
54063516
39471301
41993597
25374623
53756907
10349726
05560895
97717345
56498808
23688175
32580858
16106615
64419725
91639083
21052511
43693647
43205037
05720144
58056319
70758214
05219309
70445985
56701614
27819969
87823600
37324076
15319834
97320771
69061412
69410589
76549297
28086283
05914715
27521342
95906790
93154308
95980873
92734728
87946411
72682017
16750982
00675381
74968411
57516017
34280734
82820328
67007522
95903124
62796610
40787165
14336192
72262555
57367231
24585734
05667376
21224268
40356651
34343885
99031173
66898079
65988963
60253203
68949400
43870669
27343585
26033150
58467533
35766265
88261589
60574335
42295745
69346694
91068401
01496917
78088783
21209883
98540205
98337283
86037716
04688662
93414083
16981650
78571409
02069217
61832628
61878841
26899033
72605401
15725465
22513077
35514811
17781350
45499812
19880140
52469812
63983459
25100863
00653372
78771429
36262242
40495321
48607224
61988730
12620269
41125374
74821585
88305051
30751222
31196915
60853957
78103526
04771494
88815744
81843127
89071361
59243071
84076232
96735939
62009861
92874194
15510675
08771687
13333504
04365458
06919906
37150663
34906881
04101408
71018408
26315337
41744870
28398625
82737336
11454596
74138496
56830854
15330488
63037407
96880582
22978503
83602755
63381070
86742182
02048225
04707938
99728282
50998458
12942400
22303396
43397877
74509687
01597992
60767246
73807429
19756681
90044290
77208112
74409793
34764255
05018959
26602318
16264534
25289186
73272830
38235190
96678591
80963602
27490093
70442164
23151820
62520042
28662744
18131923
75435697
03642828
01675510
27401398
03852611
03968962
79799835
72184729
89171800
99513398
84951396
93289050
19335995
99463604
55575378
89217188
08579674
22731496
93785599
68269229
95222186
04566748
38074189
04526789
17909730
06403592
54657638
88239620
47193927
50487789
99471842
28922920
47476533
96377855
45986769
51410674
61886577
89473073
59777939
75286588
44041413
44412637
82812090
74831110
86141708
85529869
77010185
97637468
56961395
61993501
83408156
33117905
72616593
07563720
81175945
91122173
41841956
86025944
99691298
86543443
27067019
08395578
59735877
44122518
76733473
25066711
42442424
61184802
36280596
99469511
01485420
96720909
13656936
01785591
04746846
55912638
79783547
83863225
74511193
50911508
35869313
91960026
12799553
64706572
84200482
59304278
67708738
82674182
76288993
34928345
09632635
21500022
84994362
55769257
96007651
59460084
23050373
95153915
30779743
56518071
74451123
76930880
77285552
75680614
90956171
08256438
03559008
14225384
68579161
82378851
80609884
11899990
21063164
74427761
80890526
15905458
82955201
91593762
78035617
15055547
47220729
46799806
56504813
72918055
73132268
72416614
97737754
26950567
40979845
04725936
53978623
85303800
87323866
83421967
78797145
57371928
62549750
43570716
53100980
16957879
73178452
71228122
71120707
26533779
10367305
99225209
46560035
81716603
77693937
20005777
38127227
42050533
26381006
16188233
20363251
10075883
16117664
71562498
40420418
36563766
46210730
79713593
74076090
05695149
83997196
55089263
00809650
96403305
40169632
86335312
14997155
00271402
91840392
48243846
57028302
63209957
78535959
18564615
35423358
68586833
37664341
51741345
41881818
28660942
13450629
71129820
07835493
69439782
83178552
66723974
70821834
13438310
52104140
79360552
68242354
86155909
86094159
41336737
09360095
28948158
67721755
94685738
62698751
86663500
20499949
47017369
20634129
35570239
88302087
59532295
42760716
36248350
82452773
79426685
60390390
30192629
55578719
54353543
96972436
09216251
10404395
48834605
87739822
13707615
62241671
87700548
39032992
41392404
90583823
48011420
94095711
14912368
95443431
13852963
32456225
80911224
73869388
66014132
15195395
53526266
75021430
37784483
60854159
70351825
86045155
10069618
10668149
24560420
14184405
59520836
46620702
55668481
26771626
55053433
35206358
11670187
18110293
83189259
53940598
38663640
54817363
79409296
94823923
63073352
83829728
56507262
16203934
75449548
34773626
68249119
15649463
23167262
38257399
13251477
45493751
03235185
44073199
66248231
02269742
74220248
78392067
80000266
52407215
25762735
56932944
70020908
47859861
77734030
25031052
97684922
78199004
26755723
32517555
81978533
57925846
84981251
57661073
63703076
14174714
85041131
24332517
61405484
93275809
92812135
68111670
28403403
13527110
88472586
23429853
77458314
91865484
18348848
85479256
36584463
40417515
98665867
90878130
61401747
27605568
89454258
95449492
72546316
59567250
42644276
72989954
28333619
69614769
63644700
12315899
55119299
96844800
06026604
28091587
44718791
41673130
57734997
39707485
25993810
43113917
05686702
72528933
01098657
04391868
37357299
31437406
77437613
89243444
26118122
76513394
89178844
13859297
80680612
35040025
16508729
74975144
26674627
60270944
37978924
97739754
13257005
23733939
21761092
83742074
09580127
16931767
31653998
05627299
75264341
04259289
59985015
09770337
78703801
63960260
38311104
70272813
84187987
66993010
74762148
84561243
84971304
81028306
41678035
40191759
84418043
49374653
55301974
19072729
39764449
29810248
56470851
45113486
96879272
65542080
92823395
30219190
29693421
48161922
25588674
05704407
99334804
63994954
00720871
34403745
03154517
02758656
07477518
25856841
18413098
68176503
69395864
63657106
40306800
44039142
60390931
51744944
57156335
69488039
27861080
19286681
60410520
98354510
61683817
95253830
07580440
92594093
07612776
86342047
61223840
30993657
38710885
90018096
97856748
40962593
13537995
14150167
37659893
66972528
27019477
30280774
62308118
44790374
44827227
39126899
35081098
28297887
78993734
47624205
91126956
63428341
26915097
68264908
94963176
42883420
11663633
04824107
70807732
26480809
77762458
04354039
77331688
29039521
98067108
10065760
80844716
77646372
04670755
18821334
87448008
63373509
05114152
67356268
60102717
38319355
36625531
80301895
74627114
72156785
34780531
78009460
01650499
07766220
65095327
01159986
03926726
39257902
75494953
57752656
75847174
84158466
60563305
00413860
22088753
74838355
68963674
79180100
66545512
57062615
02077344
70218086
78979216
29899197
96845900
06334802
37992072
48114423
29983015
16825193
19363549
92291046
24487954
04467878
16478893
21018103
21057614
18790072
48051731
70465783
20486954
17320310
26735035
09096054
86121596
70556153
51485999
35453737
54330610
98056222
07570286
27768606
71336302
68448062
70528372
52340130
31421285
98263433
38761924
56510306
28677013
16685618
82417239
09832388
92832874
66855598
32315989
18257562
77769731
72609909
63270967
25165666
67644939
47419979
71328262
61679192
17670482
36709699
00711353
10519063
17692864
00532892
49584879
32502248
83282348
47964856
13096954
12487608
62203081
37888027
45674566
44102961
05231387
31485616
91053859
24937641
53958036
34561668
03679093
76496192
41857702
04204661
24306960
87682723
68425566
65282441
78906643
11845949
84254104
25104688
26308619
58649338
86381597
25929665
33007880
92061782
89904845
75974226
75376408
26755848
52674827
29849905
03492355
48307383
97071946
86897325
56481149
85609989
57505131
84596592
06705546
56068302
50972084
73444239
15690007
22237768
97822829
47606388
69813461
88901865
54957976
96158347
38765117
40716840
41216978
69540068
46960201
15622829
17624840
47305870
54357495
67446208
74419809
70040944
27229296
90319220
05571143
04819342
23685783
99296067
25701663
02023993
21023542
19929502
78484520
65711867
98201432
43222721
67937542
56213028
06102273
36155440
99427758
10414668
28387116
29151449
26228436
90346259
08988256
10177404
26938448
99713148
24062932
61516255
86453193
63135116
01508555
28816929
75072299
07310392
62297346
77628856
90535853
69374044
73472465
65297316
92530773
06728328
48768100
04204562
61066681
45444159
10464434
18701630
50972743
97137805
82164827
00222836
80734520
96646650
56410165
28402078
49076263
37537387
86055381
97034814
46440496
21350849
13314090
40501433
85006475
05922024
00391330
90665599
16757752
81183399
94058015
55437279
66755082
89864902
55173337
35830248
04660048
76160731
52914779
29921543
49604934
83800452
93153189
17714778
75425846
91377981
10350316
11476013
42445710
59722406
52518706
43294125
29131825
92047505
81083160
80809809
01760975
27431412
44707719
67784381
83566232
28533954
07239717
12619620
62114682
15819278
68246870
08961156
71356888
03104102
95938781
87537681
99694976
25624358
67371174
63452263
29265504
90542760
76327325
73584099
15980630
00266705
01516269
71358340
39465794
69570995
47881252
33688412
00814778
53976779
72926993
08115197
63356951
93134984
53557623
90518424
61406234
00375476
83762340
21581434
85757922
44464611
72287953
17833705
34147441
49519699
43666671
55703057
25758565
85990286
50311986
27254721
30913300
33654148
77369468
53046424
40337087
18702194
43344671
53343872
51625581
01940294
72284527
11291693
61673135
47367392
96377173
60920627
21081357
94949852
38473887
31752270
51958774
68376593
00119725
96868836
03733132
49559251
51281648
10825847
72639985
15874280
49845088
29805935
48540168
54123947
39409725
68134862
52654548
48083934
07451919
99749487
35933471
91337960
18832015
11587203
45300219
90006716
65032654
98150651
28267071
16138199
60891696
23567879
74257293
78927149
90476669
28979806
06900951
71072533
60631880
39365682
58387361
60457689
22298533
75406501
06153078
43510618
63819854
95111255
91259037
60525737
06275822
51625994
59398021
24887701
76340998
03894806
30874273
63702744
17551161
96777289
15224643
72439454
50689995
12364409
52309941
10774757
37393375
99670709
09767360
02807621
47715658
72090715
87851752
70301236
98605663
18571029
21406657
37477120
06937511
57699620
99418158
73245268
09629281
78212712
16108644
25334538
51572683
40113991
46782883
56404081
76836063
64441093
78466770
96870973
62053372
54584261
58428597
69368897
79189942
05708839
89871653
03227987
41363077
59232478
81168146
73001619
12877670
69572500
66212362
56014707
14084780
37986397
17073031
77823183
81026085
67808562
84119976
19176220
63562025
25539279
30613414
35048102
71532249
90694666
46580452
13402401
70223334
95012569
12171251
22187497
63111697
65137827
60498579
51857498
85122094
08878069
04038264
13486343
00710407
97581215
27078552
08290009
86822572
39061339
22463390
70497752
75403288
14503684
26114387
36937695
45406919
83836978
97872245
79364827
48146934
29203214
71387952
97676875
91324188
76806902
75768911
50837175
47500318
18785814
46185802
74148028
86033890
56121652
97642613
65074317
57401713
53643160
29416740
86555059
31288560
29337201
31722885
07906360
48258863
64383726
07100397
62105574
35828566
31482261
74616377
14504102
29379314
68654112
36957237
58336375
75961531
26103903
01468431
41110754
63338871
97955166
95528901
14017362
02670473
89841617
59153840
66491807
88313291
43554033
76264393
00769899
54261221
67656764
09812231
45983263
79289175
45412673
40072743
79337773
62330015
06252247
74797729
04508928
33716297
23719338
77876768
51742767
57355927
40963975
45708923
51899349
67584148
91955534
89255803
28309611
40261115
73905078
35208310
28738215
98663569
01213971
90404014
89096649
91596942
56596495
28635970
07165741
34046208
73489158
53463473
54251495
34991360
71497009
59353165
86377580
62338511
52327280
58548538
92769121
63990982
61716987
52916067
37195008
43456733
13760324
25019409
24436759
69403407
58644376
70612008
46357079
29093940
41154625
40818163
53613890
92311894
84104833
93616559
07383629
94453857
41240904
98420962
11578471
30202596
29905140
88447898
33234064
34975844
51467161
02034154
28692694
01625284
62869646
78922157
68680693
62624717
31536618
07653751
54866436
33142506
10282783
49555303
79223396
50705737
92611609
15215090
16148729
17697033
35118779
21033565
00992441
10282387
29616870
90559490
47905012
97450875
60100999
49027894
04444561
78685176
85087475
10810878
60195375
14750359
04107172
22395208
67169435
54724231
03083840
65157595
45034901
23826449
63787392
68696884
36370622
14214606
09251688
75877797
16823807
42553436
34411815
67206327
91709423
91372220
12608916
42041618
76595202
31475081
24950592
55929954
35020456
72893727
47381048
71388511
18835106
13613127
52851296
03354077
45731634
13044057
10560862
70790649
83259459
02164501
67280164
14716004
40606885
13380514
65068997
83429514
26050439
57729767
71031029
37427477
09846899
20427106
25156332
88136460
45071154
73817089
40386723
66717574
50600059
71171902
73355097
30071808
20764325
31907309
95731239
48088089
00548821
87330509
92619090
86965597
60492503
06946698
95538821
44569558
80220013
83059572
19263520
72142812
78726900
39807411
97387357
36469365
85344727
89084068
44576147
76479778
02567625
99295515
16424988
25727051
57715887
55043723
41296438
38543917
26372975
13118850
55375672
93697547
77560816
40881579
21790607
78589333
66193217
35506968
36054000
12306288
30891513
59192705
83973564
55190785
23626491
67116197
40128531
24213534
95729463
59208352
35028312
33506193
10451089
50135783
85810193
63741440
11121629
19045577
93492757
60215146
32420088
85896698
44873492
64154830
48735983
22301975
48818639
22660006
38363088
72914586
98495406
16333493
68523241
10183289
00113972
05722289
18031754
31965828
27674339
70718407
43168212
02787066
62268433
80451380
92464142
14320112
21660207
98813812
86663477
62891925
49060708
05575180
02632087
20130673
05716773
05442772
69973491
53362513
30848614
96928405
71835693
71232916
05970716
58284845
42706236
40164581
09759477
33425053
71414450
52623060
24437655
26149211
95890557
99956262
59938948
89888368
42304777
21463161
17966720
89060218
97370092
42965719
07269295
13530123
19524574
50861243
65383363
91183968
73032966
58077100
91757604
20001509
05631847
80441938
25738364
73524219
58936577
63263485
55001724
63406740
88473178
78893586
02282578
02901356
17215567
30445407
26532081
52043479
08273928
68798715
55181362
91064056
18739570
57758107
40977186
25031556
82054562
82637336
98788070
75341149
37578934
37809519
44459566
56815717
65559316
42065872
77957623
99146515
58412074
81771615
32160380
26862436
69575510
48030032
77985253
80624170
67614375
62007407
85630415
05931789
34019967
30998099
67917652
65232526
37636763
32507753
33275120
58010357
36750343
53247866
28375207
23488748
88785039
17126641
91818103
86331450
93152108
89912692
72077967
82807258
22137275
04824404
02087250
74556577
27275012
78812181
90659134
07805652
11486667
63982821
72339894
67459154
43762511
56499388
02995519
10857651
48272005
32741002
11522603
67887805
22395131
71654212
84861697
85303542
53302896
63035299
66057574
28363291
49684697
12398584
29199816
68414524
21526678
38006119
94822000
70653574
46693248
40251186
12050808
47200708
42904501
32364879
94324211
31886790
12190045
02190630
35238242
68066150
79988021
14886949
93390732
98634262
04414614
18791690
41510960
24386932
52052249
41863647
31784814
16346338
04568872
04812144
14031666
12899754
54881562
25437162
58059564
51148420
62254316
38882840
45457054
96227227
28440888
11766835
52286042
05504377
31403148
22810201
51873747
54951770
66721496
61147383
32499358
11201635
89063432
96029205
77949256
20291883
61904714
43976043
30743524
61710341
53971869
75817014
59657749
55964018
05406182
74245528
76938201
48131440
26569277
38214849
50927362
29152203
76521233
86241194
82482435
61406943
46651562
20723897
41338031
39601866
07574963
51773577
17293364
24013459
23568758
49976470
08549052
57809426
00281837
88013103
68493225
23017072
48417650
57335978
82740165
40184316
55139900
61896222
01175598
05539652
79889713
66898553
00203674
27495958
72723368
64930748
62089136
30078116
67877113
56457828
82129998
10912887
85041671
50490429
00555983
29863982
57759700
92470171
70219140
69569927
59086245
54145892
28440486
13112825
48897796
29404713
22938224
93552626
85119886
71471486
38242283
42549334
79453671
51353215
27348058
16701109
04597180
67835865
49756479
43744908
47693253
00907571
05905293
07636814
17878680
73967652
51526711
53302125
12101991
79022224
13309044
06655755
80625403
61047606
14809589
97310349
36955139
90501779
18079266
10540784
92236404
15304715
10692560
71898793
96219589
94706605
48101804
03488060
99621426
69526415
85747299
93122918
97572141
41973304
94354940
46322800
11905328
81325386
21558836
77346044
34702313
12313798
76269305
08936488
30147486
52349538
84238551
18839216
36267187
75692102
89850428
27269325
31379877
79391647
39584302
14954950
34552066
54573264
05114917
82659686
48644741
97456808
73693541
01236855
73573183
28217778
09076080
25017114
59862223
52173127
13493255
61773641
01785810
60707685
38568877
12758580
24233468
53092618
63686584
83840548
93108828
15623577
88510601
31055633
97230764
22812551
25919600
31502738
46904130
54229881
28715320
32930482
55811872
61943347
87896185
34662453
71695043
18187736
42902841
59591435
56192753
67995121
77424998
78564332
96391514
88047175
46053200
40169366
56988011
70250070
47082218
23979644
18206866
22559004
20237373
75898856
19134770
27873548
09382943
44757115
54917133
46825805
60171477
88601884
61761022
74061443
06720774
28301491
40064935
41797358
49895770
72965223
94612951
54671115
77816514
49707242
21296569
46927938
89868617
10388638
13358219
29430696
22128649
77646017
62582458
22310212
65448178
97057253
60954532
79961795
56184576
22353701
09836185
99561359
61483289
54730246
09555253
39123067
08995387
26959610
35309975
83617484
99139083
93150812
00162261
11071660
01572486
87869098
66469626
89100746
73417509
49821266
82565730
70626237
18681721
02043895
20774685
84487730
59047835
45391926
52957442
66097391
41148176
26680896
27230468
53910668
98846611
21690168
90661697
79009614
24863703
13413359
34333885
59329734
11105606
95248564
10991243
62089796
06264465
37017689
65738606
28426854
42348370
14897196
58647275
71956102
65655713
77550460
77238127
32132003
39138386
39305845
64550215
46633385
99925514
22089728
24272030
32290213
58957811
66767236
36163776
82970217
16018748
34937628
34949466
23149798
93703703
70403348
20956164
10980135
78393245
04812118
64218635
38238599
35545145
86486792
63370515
77933559
26225502
10420232
39782126
04307709
90273756
69012736
18770183
64706131
04349242
76103409
81169869
72489061
58630567
33339111
03124761
98316751
00491093
99303600
04025047
11739973
49717089
03618782
59692431
44931507
50399893
38067943
06890682
25305102
19965469
53241272
87172267
36561493
57372197
16502509
92648560
30279370
01378431
44981599
14078413
86399683
80895658
55803701
62131130
74590973
20372988
88377141
18823653
79939879
48568482
61697861
14684044
64396610
99663928
71396913
72299016
14277816
16207199
38385522
49876951
92791541
68854962
69411001
55936334
82929321
60682073
44423094
75781176
78366150
32790518
77479530
53950386
82196391
77317035
15790114
81911505
18577072
71171701
26798105
67177591
14285930
79059007
18443431
06148020
77968835
23341118
95375161
77315347
53506240
21487038
97218374
88555109
89195781
00620370
02636962
21957754
22297843
77694642
45929913
63077046
20276050
30573397
58770809
18967785
19948357
88893662
31397720
53137559
60913868
78152610
42982482
30827744
43704071
58428060
27540549
01008643
07794696
12395934
26705097
50753165
72019969
81352504
98239488
82624396
90900447
67248211
93894827
93686990
31545211
74798219
36899917
03422733
08523640
50537215
31699777
73424124
51042870
37205940
38077719
78828407
60908752
76460134
68162924
80376356
54956667
75119528
81970439
30288955
63482887
17679564
58882562
92660460
76178951
13038421
66456018
06231543
80549864
97258121
38828926
34166071
76563517
44086881
77092119
63624351
08719579
15605051
07694375
08225001
63386810
97242914
19329635
74640019
08871260
92161089
14615161
16880131
80498448
87930663
44058200
57108055
66597527
53206282
64304854
05411985
38160371
00274298
47041206
40860187
27147537
08648542
87792798
91952213
46952012
35656677
31747630
40704972
68093919
00813625
80296475
52294929
37810246
55516787
61163857
90207049
84003783
33279357
26891131
60388952
10717992
13067170
32338654
77747856
08163853
53576590
62174660
13573987
89166227
01941608
26460392
94707278
00449048
73629867
38982880
76136229
83979004
00718861
40087712
85370088
60300310
50353530
84656888
52175688
15447645
99111047
62567760
33192632
54948433
45978144
92113773
86364573
09617944
00949564
58450012
83498970
08344143
67134891
31641552
32534582
04836853
91644317
52329786
20711251
13637112
34051907
28281115
16648577
80128633
41200260
69771961
39452970
90589524
41951080
52967649
12515966
97845634
75556039
43051478
18430910
61017624
19003960
73229693
52795539
15177107
86466274
49486083
28101394
41981422
42980254
12185803
93735809
00722573
59751164
37879073
70175996
55747509
60415052
16877805
30960735
75004798
95367619
61609627
92874866
70158322
71974907
86490901
64071298
84067929
58815617
70913848
21492158
99849932
04471157
65510631
69401295
75513321
02946813
37482619
91646921
17596013
37893161
54898317
34639784
18307236
03320306
29714680
23573133
58877581
66771335
58517003
19682360
89003066
70015752
62405951
04579337
82553750
35839306
25193005
81774654
44603441
23269383
38159840
46131816
44375666
75445652
15394135
94068527
51445007
56946519
82095683
27983636
40832394
32806210
03517522
80545710
11208395
69025489
16222681
06255943
31070185
72757630
03581224
60808967
55315011
22130489
03202279
05343739
12819741
48022771
32041897
28399100
09592514
39076578
96249376
34691394
56347595
44205674
89252315
24459374
51479326
93228626
46930173
15849202
28103378
04809533
23596104
30684217
87566966
01835107
81909099
86145438
99319399
96815642
44533240
95112907
47393338
16633741
51889376
18389474
74502349
15446619
81086408
68372527
96337481
73950165
67535663
02448571
09922735
41164848
60498943
29620403
51518675
48699613
95502518
90679831
70472799
08505078
05030067
31355141
53968446
09776477
00072750
56957752
67699718
79927265
35959412
56765364
55873366
46431500
10095471
68407671
21453252
20906616
93733719
73222976
86330953
94064815
63305304
80774389
60821135
14111005
27060341
89717500
62129924
17962292
72249805
02784077
90607405
21231410
41700898
85749216
86970308
80667297
41054110
20148231
32150034
17757682
58253970
40102383
48649277
06950337
01603247
12890441
32352098
40581723
28345820
21874626
78453695
11048275
72430163
58684897
40510772
95870609
25883656
49763141
11192129
88135921
10822413
08826584
30130899
41120817
99214673
69884144
93810222
45515830
71463032
76000413
80254092
57295458
04201286
47375313
79222396
75927627
14227500
20833845
14803887
58421664
91815238
27523632
55499152
95707647
71935410
28555747
38357759
27430958
43206102
87716988
56437991
06118693
35375703
23722401
02632742
38318478
29167272
07601621
26811667
34468390
07987190
72085668
35699396
10418388
25408766
07142782
59428331
03297612
40663935
59515711
33721977
25552233
32647292
02491998
36811490
29404903
15545963
77145585
00671940
33733388
65350473
22580958
33625297
77257257
07099270
32976447
84321327
23366199
56150738
38115635
08187976
09231299
61299083
07505478
33643834
45324016
46286401
94767851
71703860
10062082
01628208
58577725
66501687
90738545
18312194
54666785
95701666
57225228
73674648
82265537
81688380
11352049
50448294
76689397
82836342
55397341
51574779
25357289
90185569
41299984
43942842
24792747
50490847
60415279
50253207
15666738
12482761
29769080
53984572
25715290
99303884
85209808
75748895
25589755
95143467
56354177
83616807
84420499
22235609
21951073
64208760
96944687
69956485
91224208
51983331
71194167
12892893
61733011
09042476
68654114
86371197
49343253
38905122
97552427
25923455
51954029
28698620
87919142
77636774
52997508
05028056
75047030
10057002
81742547
00194661
36691829
01440855
48780298
53361219
63844002
91323576
63397520
81795390
27629582
73179044
27012571
18875906
11236027
50095723
53359182
24950778
47950431
90171651
17706400
63212095
06228011
91317095
16747374
96764708
74486851
53367297
24141955
07918160
53764499
50774232
03270138
72132831
22503023
72137559
30318504
52255815
12007424
33479984
32063559
77543233
51393532
34374932
68620271
15057461
06795635
06068945
93075767
37769231
04024404
64631096
99502433
27617041
79411002
16084561
25903693
53923218
96714194
97641609
07539036
70739712
63494270
93505211
12307638
81890812
73152829
07758375
79642102
79295650
68118957
85048141
19105505
70575821
86277987
31553610
82250903
05717051
35226097
47882981
88191600
29768193
67544032
85345790
35858304
27284821
59633195
18337726
60443443
99181177
79025536
89026452
66509871
55977770
34569809
21159118
18252289
75030760
32134486
52924270
79112049
87616841
56044781
63556652
96183449
79545327
80324289
44321420
30535707
36133468
79590947
67572518
14324789
87627890
24053209
60424524
12428868
05683075
57149110
11728602
40455409
69080191
30637131
12508673
48640628
56074930
54445834
89795647
49516559
37104280
48090622
98001976
24249676
94495545
72461444
65043979
89041719
83806719
12689449
69620312
93716378
16480779
27636651
28982440
65236169
27776996
99879739
71146300
79175212
26005786
68300796
47382381
70647622
27397847
99397419
37410355
29811041
16101563
91260636
31679527
18884051
64214764
51887881
94726193
08289073
26664183
58078301
35421404
37151769
51397427
84362484
00829376
14393473
62425883
57081495
38389227
16721505
30318718
33579615
84938960
59647849
31551397
32973398
79735702
11087359
98119837
72220415
67100849
84666649
12144959
62473761
67251225
45058388
27651022
84387511
20642658
12685831
71763001
29268850
96863642
74153245
11900143
20466365
91486751
07513042
59833295
07331435
34132246
84782227
60076003
88848539
08366390
03113392
15006474
15572926
00656326
64864339
04027276
57348491
99147757
50616329
54364534
72041565
17392667
06423004
62271880
01938671
66205163
36503850
61502361
75847642
64482284
71213526
89126930
81903341
58754975
43928799
66210185
23431490
84022354
42978756
43043044
31697531
65874459
71197010
61108827
24923839
27284473
79142657
15148922
49019344
43798923
33377063
01250704
13920658
49563255
09226867
66840682
65103715
54956019
52072546
03642823
49319319
97575679
39643738
65152820
09410046
93885117
08291455
37503014
72752370
54471591
54457224
31735153
12445838
04164785
88322833
84040507
56763437
27737640
14101243
64879372
60498850
66771369
20886018
45884201
16652313
09913270
52792279
74220083
80111787
61863878
58087264
63758095
31226112
24895072
11370454
71194712
09857896
73301657
80346667
76740112
67862199
19554458
11322150
24814708
41967512
49601209
45862507
33078404
11789844
13329727
15256086
85273709
85512381
91494295
52508123
29753027
06686280
58223998
38267771
48793323
87073279
78121438
92865246
52898852
59306327
89853550
80025990
92353534
43515927
55101864
85402575
94725933
38623299
93998401
62871711
26493287
13574653
89919927
95065302
76738220
05677804
42811614
48733382
94958770
90474589
37694324
61991697
32175429
10898380
08002782
53104579
11230605
73097679
45960532
74915528
59660333
85497562
26441968
89762563
56695509
65766885
84657725
45660065
62233166
74528077
11003199
11511139
66021622
28523822
25037788
76082413
34230759
46189418
96832316
55934501
08117943
93184545
44735258
98909767
23349898
44911838
71842638
97020639
10579611
18278060
15013421
27254720
73617284
07248684
59425937
58418875
68903268
01805382
07857654
28608896
05100335
29183873
48224773
03679171
93982826
51214335
63396239
32986364
71044014
74362112
21601521
07906860
19913511
04340633
65589319
53202275
69869502
54716849
91999382
83921539
93182296
83360044
98065557
61363544
33169737
79194817
12807286
22350074
98637334
96678556
26140146
42393202
75357788
58988577
80036614
20902201
15774463
49212294
42398921
60679860
09875453
44386556
80341067
95218049
31090651
57905476
00885844
50996503
14058343
81097854
06256679
97960377
62526956
86477155
80570584
61428780
93296475
55083694
65855594
27834308
74144333
30502235
57667866
56137050
58630887
35027338
24791652
36367284
44380680
94432461
91051328
53777858
64998153
32342664
56692399
05093543
55085317
23630749
66011264
42301880
69816661
95312911
92500787
06306557
83838860
42686841
78674838
40709846
62083750
58801518
07970962
82181558
24319690
43041600
79534450
42629801
38213057
16359919
96321691
39163900
97016772
45661004
56154185
95246015
09024982
89039694
29686673
87554803
08262789
50907383
20676353
48673427
19273717
34479317
25646963
87438140
25740054
90662883
91354010
64297602
44262815
95640457
94610269
41917432
18268658
50755290
96559809
49120224
94183702
85566405
67997192
34276001
99791963
55601449
61090457
40126423
13946661
10799120
80679897
09617884
19380023
47137806
88208289
58252999
50027445
05725726
85616979
91246178
77839167
83273121
95394053
97637659
52543571
83196534
26004804
04463941
75803892
09731892
56324431
61718850
95008995
91065790
82640221
29818305
35075436
99673467
36730430
37492511
55027503
89929672
92398714
09690165
13280049
12634185
56219716
49837284
71884757
92837605
98926150
84966607
88555914
93261986
64918263
51195519
35892581
54053907
82626746
46049872
92612073
30951639
16023083
26629641
02256623
28523260
17620345
75506323
31507842
39389963
55919294
08529511
79587815
88417914
84835645
95923289
23728729
67894524
60291141
59020675
84382993
66944492
71568023
27375822
66370041
83692192
95079955
56798685
59526728
64100767
30888450
80997233
16239187
30641559
44276475
13319220
35032652
07793752
68646018
53653686
95296791
99915433
11991107
68070941
46767897
25640744
68492112
71502302
30176246
21326328
09018297
24783633
82471952
57135820
06178858
99815251
19192549
66458046
70425963
71971110
37870750
71666610
05469883
22096759
62518792
96282509
63260969
58411097
47711724
80774122
46265670
09980849
16014153
85885922
81531358
01625935
51792987
40296087
81122960
48501529
42498099
23348153
58411401
70911853
75114591
62699476
04289711
83575436
73689659
55030564
54193957
62416197
74651492
52836777
38331252
04859539
15546450
17017821
17406148
72377759
43955867
35914250
99879517
90495297
22478323
81484540
09877306
00392066
84102273
90790391
76050025
08670983
47094402
87621608
19242778
42303454
43881909
39096216
05256387
18746053
98467951
83163971
33897748
54182360
00239106
50974407
87004872
09173577
58825904
79774436
78676304
08124224
27339450
95841907
11972494
36961814
88923650
13384118
36866915
65086271
48696461
74509699
66376079
57049141
71651617
18871952
18100442
61022240
85754067
10422191
57097263
41870534
71590508
68691256
11567147
76783313
93769007
94160220
90130843
67221707
16295633
25086701
53721269
22861897
76069991
63443467
52127640
47739505
78663005
28493935
62142751
88537909
18669460
88093594
33418699
39642927
04118048
19811565
73221071
69159525
32147830
56762594
50107526
08490501
70000061
49057023
19536603
34445680
32332815
19975740
30480839
77461336
34862578
45404542
97212236
05363484
73389747
87209351
85619220
72346277
33637159
77181407
84262271
91412685
10191049
03417568
10598337
95803722
95678738
00838813
30937558
37658038
17231742
56595130
88195642
70747747
59162422
04494312
90338732
20150495
89768335
95633072
32210347
25483673
06099140
18186356
76090891
34796387
52774912
86524942
47547053
39933914
87016172
61213625
92573842
16480234
43894019
01831312
73280285
90191221
65183258
83689443
65744529
32980494
69073782
97171219
05479976
57782126
69516101
67232024
27228535
16496927
68360921
01784127
31184949
13432282
30892119
97306643
02144253
55731829
84147715
73583905
74991969
88776964
63983401
00234579
25185959
24982000
36730382
33676743
04393097
91334541
33603849
76151659
39444719
27154984
66019290
66178106
94994291
49644911
21486884
54785315
14108256
58503687
54427291
48354943
16400511
94607360
89397772
30774081
98188654
55915960
03974709
12105751
05537472
81013224
23775808
19459211
88608118
19496068
46565484
67793266
92889914
84505741
60319098
28141573
97206974
31190514
94818969
98536422
73062581
18290316
62627488
14393504
45124934
43926598
66762054
05634508
85127540
97212589
08178677
95989404
78571550
54739523
59007944
65720578
18413149
84806748
32177008
58345942
25018895
71435055
09554569
29741026
24977777
65373349
51546298
61205305
57580070
38527653
59227923
73659412
05108460
21868978
81042045
11275165
49487165
68939691
51387200
19134647
74848360
26434521
42980894
58552720
39011104
26216923
55152768
55219411
67506706
09438747
91588347
15788009
07673860
89375889
84187539
60550016
54969490
19579170
29811434
21240376
35588295
22238350
07285258
65191339
11011545
37938408
16686387
89892359
63017849
54487217
03184308
44944246
56958814
75600095
09156833
04020745
86388757
08574455
38514947
71596544
46912460
35291962
53600014
12199243
65833476
18565319
38898576
06748370
52752191
25280739
30691465
63635026
47981670
20848719
46070519
04939106
42550559
35687268
51099202
77024376
60414457
69349015
12601352
13486332
69077028
45148806
30559503
34651190
67012402
53908390
93947854
07214881
26625415
80882777
52853322
85871442
15042023
74750227
94681307
09257211
10881005
35795454
48474781
91052239
69093095
31273762
69869178
51319160
76344153
20432865
46944407
09953870
36608963
08130441
80412890
48793515
75639353
05249589
38528758
95321528
49718156
76863416
20519904
61510488
76919331
38890213
21516270
86644906
22740939
82067799
01104470
62201720
98585604
77462258
51651250
51782407
39070352
34549659
57831152
32485728
39712420
33288248
80041054
55236550
82873441
98353183
10184479
15516000
62539516
79365891
27061704
40973736
18033830
81561865
06671198
90439259
35605952
64673536
17170515
76250176
10180545
22523182
61188595
98446654
75899683
34200217
93853126
06870239
14035576
07036807
45054166
09749699
04969706
11983251
93312131
71897006
80881399
75903160
04610738
68358559
52230835
61994508
38282105
56455176
55095641
19332741
41461586
29806537
14077131
42060811
31958620
80023917
83176330
90795844
53630693
79854109
31547203
75242344
77097491
02251834
22287885
64646950
31803651
88774950
75220296
06146063
14643064
18358906
45195513
40594135
05640834
50502693
57544150
49139418
51174081
40262540
64828822
51572236
18704988
33094849
64910248
95659262
93901306
90817443
08652667
79953411
36315824
50535851
69808025
37332900
74751281
47303511
22842588
62509014
41197966
35548656
89813761
32018137
14125140
10892984
07621768
61711623
22664746
29255750
12792680
96292653
35752060
99728125
29578458
50572093
91407951
37260008
08049057
56994974
28865815
13137666
78879089
44254733
14071867
71761240
44454809
93250758
15319885
73787132
91090208
47199200
03093781
54387682
21749586
44150525
78316848
77963997
29094067
02886876
33928431
48891228
30944555
74860478
57374304
98311006
97549145
36817735
96138567
61762216
18307442
99716929
64132098
58326198
44867612
52962119
49288217
61955478
41620862
43835635
13463706
67039551
61196968
69265573
63925305
64436132
30555820
51980382
04153796
77612138
92808565
76554386
66448624
55244588
05626321
10156931
87383628
29403563
50124898
62680402
77684540
03017630
97628769
63968987
14824615
47257020
78827202
23423062
84135780
17003114
11482804
19349510
77824641
39560869
83894741
16844577
46172975
74381016
14465717
01561517
26715866
42599002
04229656
93573529
86729131
25232150
78912467
90011202
63065632
75100201
36587823
54767222
06563313
89567296
85646887
34802976
13671689
40520362
35656101
62421238
31206249
43636031
79516615
96952052
48066773
69065918
85415419
01570107
51147670
41115844
38344785
97379566
26202436
73406733
83756727
16029820
63025815
60732406
46027898
58635524
10234981
63339349
33748093
45860622
27541399
42375359
92081025
20864545
87173709
37832283
65441117
53611965
28470206
93834503
85528240
66940121
68244804
78157952
45203068
33324148
89658415
28174738
45096605
19509813
99584420
19107599
00677139
58535750
36806175
82995949
81452494
23754310
32549262
71598788
59568537
19860187
24912768
27699120
53939949
86088078
73202451
40983741
43521864
99692868
78550102
58468379
88422248
86377932
51291883
40303342
58031368
94949272
37105959
91095700
14375577
50798323
57252483
67063843
58493689
28215788
99861360
57684358
90573738
30159754
68282399
08690917
34366535
26039870
23219981
49297403
79867035
98888553
23004971
40100498
50852734
76450898
46782194
89716404
02307957
61042523
60476932
27667647
09705389
52568863
71240177
90017088
15270185
00815696
17909558
46728839
47923867
63862595
65491602
77599149
07003133
43336161
25693214
56785810
52667915
22062506
39411147
51412108
48495797
35404847
53002884
87274410
74527718
46123562
99116038
60790272
21476356
24597076
05470988
92336757
79944742
75219365
40808943
76883949
77212647
20576588
77459265
24013292
95486371
71991815
70454839
38061977
76815374
95364520
10694150
61971095
14478567
10029674
79214290
39650829
91428864
42373421
52320999
93733818
82237033
92768835
46793739
61980544
36499384
36462122
15213131
08843029
35565828
83015285
17936712
96510871
81067618
75972148
66548278
67775427
34957172
25961661
93474562
00216156
81250523
27820249
15634999
69795090
67676539
29960819
50330673
32667592
01254721
58155799
29762580
67618925
87361034
86112378
81162753
69297253
96266448
93338076
04711444
58281652
05943720
67993437
48634258
42521808
91344088
39574806
15759136
21046347
64342623
77637549
75893753
68855386
34840902
89049071
11585617
76385865
38579710
58298875
47940792
28276826
87327318
12632942
37212937
94121505
72204488
02626046
45331539
98807204
88448851
93727902
87387027
91300950
33008335
95156149
07229500
27066839
15797131
33602924
61989492
82765971
31545974
69482874
41558313
10396521
22771562
59475059
01314529
03250867
17153635
45616027
10838787
98762960
83554904
27259478
89705902
18679003
16994624
37491155
20502365
46685394
29071513
39667891
58917266
43950557
50993343
24304161
57635810
29608227
72013750
10593702
34785842
21648393
18029075
54849170
22412586
12035564
44924027
25766092
08616862
50014967
09533778
99419677
11985016
04600718
26004866
94983610
89764904
11694624
76676770
71406998
99587828
56935100
30966048
25792608
23888704
61801131
83980260
21685055
01266365
17526412
76530468
14594018
42353128
90103699
60561671
51148172
18990345
92560207
65365356
73679294
90996694
28605191
47986277
88532970
94606162
99364670
02021846
43800060
94918463
76805566
37422310
52599326
98971824
36856007
16024436
59120166
43849200
49034496
68167586
93502436
06342059
44406001
41017028
96586080
45156645
90451136
24787068
08901279
16302980
10940650
01749028
66856922
33179242
82157999
23367885
55493297
81594151
26609652
37951340
61387394
99845697
40432641
50446443
67693429
03258411
14367011
87599100
58696786
25127595
79546386
30806169
45565221
24989545
48228647
92805073
09673247
24147472
35167921
17453183
48668610
34547654
18462725
24477281
18115637
01488440
30647496
58338702
18799527
85160560
37221079
34784686
56162789
78082606
14539943
71653260
05140538
49820596
67663288
30193382
33665626
07617188
46771987
79145438
48623544
56618738
23461204
68975035
12463681
97821733
29556226
73280479
00552978
65985237
34312570
85546627
25203139
96045252
84671549
14935148
12208573
96301404
38962864
01893311
19986979
26724223
09182666
93954194
72988278
12646027
96515708
48088782
87967457
59751078
06413728
01829701
54548919
53577863
56831601
78658110
77544931
53950058
42920736
83460632
74994829
01371119
22009052
64294225
87518503
62474309
06583418
32524452
58491947
61565826
82267468
10405095
67504016
66689409
52748052
43778514
79917188
68462515
96416510
63237791
44476535
66119781
30407855
65505746
99030154
64579650
23943762
70413570
67176830
98404603
22278578
18586920
36003789
26231434
39664267
19591659
97049970
44095056
51850275
32159127
94648383
32655391
21382976
36986148
73725217
85548062
81378546
17172340
10942795
92667129
54817631
74369617
71270300
37652831
83883035
26162689
19371908
87925205
76655273
76147236
17689802
34168131
22389795
99937896
08793462
47239069
35064724
41838130
66479550
44020225
64505387
11620215
49344271
27029375
21198521
39795755
49465310
14689722
03536671
18344890
43457685
64948130
37129574
11143823
51562073
43731673
60819297
21045705
38349377
85788954
59702187
12547910
49857578
56198612
58509217
83166087
21239719
49439478
22683492
14745326
00053642
86865672
73225185
25750050
99198463
17948388
86530651
32231228
57471198
83209802
66167189
15319035
93313864
18192667
14649485
41486242
35763897
18246621
03186781
16354616
56237386
63717831
17962093
89478423
74153343
55208898
12847363
85299594
43772353
77191126
44727657
15940612
16360555
62885080
39304103
21465651
34638930
58253242
79239812
51230613
55540141
39568801
02599865
77454483
18315680
96660127
51955092
19952511
95025167
47300495
76648687
12376541
62160776
55876446
62353017
77476325
21795707
55157414
74477364
56618408
85397483
79766233
67354520
87815158
34437845
49411435
57482309
60733620
83837223
55616728
05225588
60144427
01232175
43389856
72157239
27634493
71707201
36275070
85688717
55182466
98608264
99339481
85800131
73516030
51305446
55727519
91523427
60075653
87991580
49828944
19846770
33636218
67500679
69189204
97160152
02222664
49849373
20604853
98022165
22939213
72851588
26978174
45840554
79240134
27368310
73872578
31866019
61017764
74099564
13080235
16995380
96472996
85021679
37372611
39872821
82250157
08468808
33752918
86847055
68385279
88031319
89428463
47231256
24892060
25830608
22947347
64395388
54036658
89175126
79706136
48341691
67422370
95075478
66567292
89538010
11426957
92877834
60966604
66170847
14473284
79232167
30930231
56600810
59479109
00401034
00550338
67649445
09625095
49749075
11272796
63306295
31790402
67474723
26400117
99608538
78440746
40980037
49180429
99632502
50700908
38153646
84458782
70591155
14350601
19936759
52236357
84032348
58424391
35295913
67194499
05552036
05414667
98335039
91519949
33343495
24474289
38327354
25497758
47786590
84918545
53869815
72453422
50343087
28864792
83293537
43146789
09846101
74210244
83070157
86326676
08480980
03095747
43266196
89767239
61173832
63985911
29574521
57125146
56387756
40432735
59771993
85981193
33767083
57368796
44866048
30755704
50780992
71516795
25385327
33846709
33329761
97575194
77761691
51407546
28901930
64127863
62981868
96569101
89611655
60217986
35858537
96659308
02778659
47838251
28536247
00524114
50445418
88104458
01047911
68521535
10151118
10269993
34494199
59177301
39055696
84858709
71384154
10325543
84611264
59881003
16578155
57184306
94589104
57645235
83384460
28523575
22839754
00038302
48570331
48168220
17181731
95416980
95318475
08225958
13785077
36335002
84194194
18532159
60797798
17041201
68129963
61394843
96557537
42482029
97193108
26711528
49629168
83934456
59465225
44857788
09006512
32124266
54280042
36865651
66436920
78470941
73981198
85615972
22762875
12107416
04630291
57113891
49122169
44933376
03884833
34760911
90402831
83809298
55616046
61351143
31734492
53682644
99004855
03727913
37513954
20511412
21897976
95593603
10848650
46965421
10273073
08941289
88256193
01223440
09492259
64453441
42917882
94559649
26797302
03638841
11716838
57605935
95075435
78403758
82864203
47027154
86809192
59116075
88500188
62962315
95512278
28938207
61320919
63952977
64918734
45538018
02276715
15669065
85003063
64620181
47886728
20377670
89474010
42530272
48714488
26593311
47015377
44787483
69682399
88772471
87528459
01833505
48356225
65188474
31293304
40913937
83509844
03375891
16972333
67005494
15766416
46202563
08963256
45507559
27555947
61734265
28086223
18525124
94453742
82063582
93351938
11382163
20589349
59672791
30989976
67948443
06427598
88765622
26716239
88482477
51656814
43026656
69808010
74707497
89091010
83181661
11592039
25757667
36458039
61087951
91769307
50977721
30522438
77764730
45726923
40846490
04574682
30002409
51745801
93084345
91900074
73612670
06488690
81704048
73885672
07224281
09123466
03188632
54948859
66793531
54469887
81524252
46901832
07671479
47338068
34664205
12143324
31344210
88997900
16817388
12277419
08971285
50462462
13658072
20898370
87106094
70920521
95169701
82276716
29134107
32949251
92361033
11290047
93093197
73034988
12457513
37117101
70597087
28927687
68919222
21436268
85958485
61811609
38674731
59390041
01439364
22007841
51100638
36126620
29384752
96325489
18475632
18273721
31111929
72741042
81629927
80475265
44006732
39691443
15149079
89842448
39284668
33720682
07090458
53705298
00336741
97262850
26262942
49570486
74192932
63438933
42178936
43942156
99465864
22804932
79770941
44250245
14971059
12949761
92146091
95093190
67386413
05975886
39080830
50870906
53721784
33291796
09047958
07601737
80360237
68064070
63144397
49439671
94996126
90413404
15568025
69295595
62883592
95580684
51308347
95527670
01278834
51553394
69168616
77999462
23041407
53085517
23896355
73152846
75386783
95469197
20334973
45897604
42904133
74375464
86404548
89515857
18451063
22201407
11582657
13449574
45759713
94161158
07489112
07292052
84129752
06334994
09693387
41597920
88266337
88044269
65363760
03013155
92422645
36256050
71999877
54654290
15797780
44256305
10686308
21516005
45783168
39655711
66370326
05966664
06973216
38913102
71780091
64029007
36938254
35417360
77395033
45955377
01758593
39301702
22024007
23007491
11249462
78793845
40561503
53119987
14566333
42317473
10725969
81025850
61424492
85287866
57778761
19906627
59891443
49347052
02720438
52027278
81697528
19015670
83952208
02133043
41097234
95220362
95346844
73725905
16240895
66729136
22286811
49829736
13527589
67450864
96300468
29411680
57956779
92210592
14464057
24124053
67461934
05145477
19401396
86799742
55979318
51483116
57332426
50467915
51986792
10959955
82672292
01886323
19016334
65585997
90655412
80004467
02318275
65409919
89602422
40589515
81479136
72042063
90726019
19866781
09837524
65375201
51189145
43955418
41305815
91475858
40827718
61457823
95882703
82415377
09338974
78343907
65622306
50693841
25350522
22409229
29859732
23431337
95559433
50572185
19648494
41960419
10876789
40286997
22803903
04356443
05839096
31943435
74525338
79951586
86204147
05287936
78144018
83895824
21172071
48121026
71127358
77069637
04914762
37900781
36005582
16154334
02492618
68056088
37629083
86497987
24244309
81074456
71576490
77054517
70610970
55864086
46412259
65566927
05337889
92142014
24156918
27082985
95166843
08678606
38444735
78175267
40721091
68590026
83775324
60055940
06360939
66256581
13993042
12362404
61065392
90407725
28680733
58299100
66066255
39336852
36368761
03508838
43218853
36749258
53328513
03735041
06625395
67150262
63333595
08309808
77237519
28531566
39500953
00117603
77636785
15505837
61473022
19549732
02890822
91740332
61504042
41934117
89210112
16196547
93781767
31038439
45131331
44542441
15837744
44511255
20296940
56063725
83219044
80504724
14498460
56837497
73648657
07641673
75435411
86785406
18916432
30640068
88189057
31567908
66289599
46177380
35397295
64260133
85595936
57128718
89953416
70033422
37725134
36450214
66628797
50314330
98772337
88829111
26964809
73470551
27679039
54723866
91300230
43449553
01934952
60413415
62382883
60065540
08807005
88311975
19977314
56061255
71280747
81821468
14816229
32813291
12654232
12693468
04059739
18424769
31068192
93509045
56733530
78693171
87926353
63534909
47523377
89303556
92771020
59023529
93532081
58022882
07700821
59003629
46790090
80266696
42004391
40132068
18081353
84354518
11083266
05011175
43975946
66842524
75899217
49173029
01134100
18611726
71525801
96292720
31392541
14714302
50417513
29600629
31123005
10691162
10783333
87701008
25117635
12772514
31180310
43280676
03916940
76043702
90318277
22323499
74751455
29154799
38570751
31806529
23289764
53973714
57322765
16860258
56846079
65798772
93514870
76269974
38681325
38634746
54501460
81506699
08088560
94687049
10520927
43904938
70349996
77585955
29571349
03439053
08747213
66245469
26177854
45917277
96985032
67293199
31930027
13284419
99654983
66998533
72212352
67003801
34451517
82509653
11908543
14584113
35230168
03575327
92344565
86645911
21282935
20077421
54883095
84226592
91121170
40875056
54482271
35658191
01209038
26763072
44010838
11261262
47348163
34134853
37359051
79463542
12981973
63827095
18416242
18518173
07683398
73736244
38000049
69009270
64940352
27366972
65872141
26054792
72858421
47964011
83863758
41476947
07860416
29912029
97882564
97530669
96680275
36029434
62313305
54704293
22682552
25552361
19955959
89415592
44941165
47061842
22752638
68359051
60902500
80443323
68678103
52046318
64196278
10594916
99052102
83655242
23376971
71840137
61747763
77282008
11120277
81910452
98647255
44020145
95466380
80427005
29640757
30160365
34382053
64953526
73166730
02005825
71077293
01906957
85951031
70976441
26039984
26560582
86322761
40704607
20616107
43202242
11923086
75707102
08060797
40077151
38131640
16236621
00374717
67743123
18435039
03707266
32599505
47149752
52217576
57199015
66182683
38705866
80195187
79334069
92395116
67828901
16747092
06724475
83274957
92958309
61288394
16098508
46832493
65056421
84384812
85945127
70831222
73505280
57653572
18007779
63459058
71070346
25031093
12801001
60331297
79220343
78022316
71369018
73300626
46786613
87715110
32842327
18763428
78036153
58796186
77799945
63708854
06684531
19709563
71511482
24270407
09737959
24385490
50357775
39577758
38309700
13862088
19569401
35890902
43595511
32576454
34260887
58802341
24404574
09470298
31436270
51490284
03198629
92882636
30101648
51899375
81160591
59005460
50581261
04627961
22524043
07395835
45044323
31791075
77376459
80805166
40932193
19023765
43850619
54530331
42900097
30973981
11006180
24529915
17059547
63662738
63429862
98559768
45806634
07764156
91311794
45759548
18486639
46896702
68633327
22808947
01208392
55007007
23126475
03326309
44928252
54976978
58768022
01936480
89772809
80181737
47440543
99040521
91545146
30068051
88213747
26017232
87322499
09583382
73463488
29830412
55562774
86890936
03868325
09842003
86813580
73850791
17278272
37408133
31057063
72258717
82628698
26280636
30630731
99402078
84511447
14447833
11338418
78059061
52383217
09635809
34979103
38971630
82108672
83133858
40704956
47650913
45325976
09903586
40401389
11244538
29705687
06650161
98865324
83117142
21920161
38219606
32037417
34602681
41664381
59752938
77340596
99096114
34958218
69628896
51888401
92461435
38677381
92717158
34745672
94195279
87795740
25818942
46272453
96667514
49825069
03411744
71795542
61422892
01511047
96847212
88895650
34206607
09368864
16288628
46952839
11990985
53283983
55962673
91628284
82019746
41444573
64371078
64787340
04971605
70351108
84371364
71406880
19981484
27706668
29383030
76344404
62918871
55743947
89163679
34826550
52555564
63604663
08750798
51818112
17879064
67942762
54417463
56324414
73514012
20482302
67387146
47506196
15541024
11294820
56758946
82452871
71987852
57682712
49279419
41873456
26902494
58260999
14939155
41561240
51627566
89218490
42163693
40574698
16228794
22932580
76069859
48740566
62922782
00996532
15464202
00440881
42704357
32651426
31443844
33823611
99194065
46548534
54390064
02935534
46178850
16348659
31901219
57110326
74466509
90345776
52791445
43445061
79313312
24890030
31656576
34571322
87799913
26648619
01137465
09219750
34925879
08651341
14054802
62040812
32142009
57792356
40680558
83931633
65325324
79441078
56642961
79316526
25499764
97008295
88406902
52412985
88172179
94306397
36587050
15289213
84561910
96947662
82751958
10446590
17081074
80970381
48131107
44912341
05774326
15040996
88336525
66356242
82394648
79332193
70770544
43930101
53347094
98478421
96205729
39714657
93644478
20083497
91250229
06082892
05145932
24864138
17217507
10705097
78642688
11036550
13251730
88970573
65360229
92155153
97505919
82192337
78278429
66097517
46235573
66697233
16603203
78903925
45717203
10422517
18800095
40889402
91666906
79458098
96045115
03075228
19097017
16327806
59478498
71915444
58275357
37710069
58453078
34948097
02277660
96158723
45587741
71992146
40839471
68578978
68832296
11414160
78496997
38625199
90297556
85509601
54336271
87020650
90978081
85906996
42241334
81053966
06999457
81086044
85624335
98549187
63986587
72621877
87961499
77077319
29032529
54396503
25860902
98042029
12835856
67372155
78032454
61235246
12745927
49613063
79023901
00523028
51543285
85745288
03332277
42344859
58941274
45891596
61479255
72090394
13454077
73722270
32844452
36191778
81151540
11991076
15203555
99512442
28182230
07999269
63728788
82235191
41902935
47862238
72323298
38596512
44287736
49857326
81224203
79254838
42774824
04803828
33329063
59898080
05837285
06763438
67908315
01614519
33955811
85324169
49239718
22082822
97237386
53325532
28067799
41248345
73967203
73022799
92919423
51083762
21061678
68231655
58349308
76011156
66817605
28284656
95122140
93057003
14216554
97411603
24113971
44945829
79184917
02235820
90274618
01323274
58693498
26980967
96154671
60420631
84118165
65160508
22798858
19006457
95296144
37521945
94016132
74686792
49817232
30708716
88151418
93613420
01353568
65401615
88683483
60396859
22934981
78225044
45960442
28271919
29916019
22856427
00550471
27180635
72214725
63158155
62349201
70535026
15539388
41845567
20573504
66811580
02174706
38964422
88278492
14530862
64222497
65375010
41739866
32042397
69811289
18975458
61308040
41929570
89161566
53608785
46385234
78071666
64126771
72652827
20870465
86583099
03378550
13665124
72406141
97462969
45704352
60146556
08114402
55858842
92820285
81139704
33160238
04633655
25665707
10975012
24161667
74646166
14801164
23022073
97149856
95149884
59408063
56987286
54487993
24132898
97778379
79464700
96764525
31590902
88812997
70081476
82692792
84848023
98128596
51866500
55116626
80925495
34762301
53400772
83432353
00574099
28522609
94142220
49606900
10552477
38757762
10509037
00235228
14029215
12202889
84509340
60924574
53037239
69289440
75303550
60834910
44077080
13682861
54467174
39412253
04677741
20081654
71894175
06916328
48008066
18482991
46228247
73301176
77456167
06370826
65077356
33627755
33155934
17749226
29448090
32760469
31080454
85808962
45199503
48461509
84052758
60253841
88884538
24488619
46985626
51414765
01113934
71425818
23546114
22745424
30159473
73070462
01970557
24974461
69578645
91195977
05656495
99087966
20022385
55627488
71333978
95420917
37064756
80583653
41701510
85877955
91584496
45755848
02202003
99741427
96432335
73636500
20464735
74293683
00671693
19112513
22190963
28489746
17055433
18008730
44182424
35595458
28117020
81549094
61808175
41166552
03244011
79606996
11302975
05182851
82233702
54287245
59020636
34457512
87212587
14228048
21709894
91594109
98277523
34496434
06103954
68521007
85417113
54386358
19104048
05971077
12229343
10570745
40503824
59470275
51950674
41892529
90057872
37660217
80540864
00280695
91194024
29579601
91570441
87249574
44129530
44030457
55855164
82098891
85066226
43258748
76342252
06005684
32383873
40748278
33325775
70611962
99378646
54463064
39979890
94877897
61190288
78159161
74152106
52769026
79797582
80771404
35040151
36770591
37449066
96300236
15467545
20324132
86041251
60291000
27863716
08623929
19041145
98276267
54281623
21920571
15124133
10082978
96610317
93809996
03853648
40860779
91034754
46586777
59978835
54721251
54711737
04976994
05827882
54866074
35877596
14072567
35231260
58433547
20101428
09968518
02807126
25657157
54976710
36454646
23653973
94950376
11824916
16836370
47071096
49056713
73784587
10968449
21881561
13121134
50828710
15276819
50445214
07260217
54802641
98345037
92215143
04563430
07889274
42044880
24626185
38193973
67758829
63643285
12611875
56272267
73094777
18416856
33734737
37191161
84269642
52462216
62316288
99957467
25943359
39210279
20015602
14819078
13089567
15461479
74398437
37610242
79803195
63328771
84507301
63854391
37837038
72111066
50861181
26352305
50025322
00834183
82268071
13701465
73298612
90752364
86508692
86784212
40576731
31664813
03354904
55490098
73670201
73959586
67899779
79376026
93172488
58920684
16320488
68622418
89487362
25938275
68208767
70282760
22811849
64795324
81299417
03445310
30350519
39569601
93568605
73869875
22818997
87071229
73311773
07699660
19613171
33098364
22877728
44553163
69431690
11839083
06737671
06796510
18834203
16311211
50709815
73558639
40312788
29610533
64203095
70175084
56442301
92627015
42240222
22165906
92988891
79895525
96969737
13475212
56915747
26134173
00857699
88169368
61231698
41926019
36880054
09475542
76162814
82653100
58048467
83617696
72425925
89697271
63496681
04710990
77329570
74368518
26677632
95131670
27506383
27887150
92378318
60361819
48728808
46063687
56027755
69981591
64605418
18394594
33659925
51430442
47457032
22620518
36439539
82799165
07818132
32865427
90401310
71471543
63085361
44465736
40602709
81388259
67742806
32375135
13514504
85118957
44603968
98720728
42843226
62188751
72744951
59485870
70561393
32870954
03077702
24948092
98400069
90935526
10573509
32346328
72354659
34364793
68267522
04219864
16004483
14058017
34800836
19084314
11452640
35026267
15983156
60182603
69999139
39384945
81691763
61483407
95528616
10411817
36469898
66197509
50522142
88155877
66435214
20893776
51385215
61730837
65276810
95060249
08849155
88373639
48323480
31542697
84360843
81067477
08626007
73157752
97782057
83549976
85575339
27751410
67000904
11538715
55484061
04948222
55255903
74363967
03508447
74535359
05606574
73333257
97103745
27687681
47606628
95285589
02176811
37363541
85204072
40200510
58257710
94365926
54534315
94433581
77040771
78698612
18846671
39256014
90125032
08256571
74903348
95313405
06933158
21726942
55539388
39189287
56819065
51406721
67124935
16740001
39459477
94154150
83925405
72871115
25825871
71738459
00628653
32234453
93377458
93938978
65739586
59191439
46158810
53076530
00660456
39321024
38153992
78225933
59258678
94006407
75746874
30210546
89010881
03424305
77966965
60594362
08606437
19230030
40307839
57247358
24267747
11417949
98119116
49815156
76457089
17996782
30622807
02576749
75274796
60926155
48091390
60877740
92353291
93844292
91295762
84895382
57931297
01663544
02451448
11560137
99511627
77834883
03398710
08219079
05640409
71577170
00269972
50838857
06206989
55919887
54713864
26374497
90519798
65579214
80404841
78234132
01254184
55776770
40958910
33924806
84176556
42457014
91186989
23867922
99976243
96173314
37020494
95752100
84761484
34941701
76433688
48452581
81222312
40568851
07797894
32700779
84093099
86458450
43473872
71779495
32163503
25212897
02537250
07266273
72652825
25464363
47712885
37536859
71923587
43692881
92647884
79500143
02412412
99809544
78982970
55253997
80692725
27700871
77791654
92837428
29645589
26556537
55552476
33987141
43143705
48112941
09297344
20821263
46342791
91298779
69576730
98175090
05084198
37688476
07671850
31057254
87869200
30784056
06972518
40984574
92597813
81233951
75318374
29766868
42731929
48951684
75586919
01310456
22947612
90715338
65373814
44524742
23842813
14743253
62553661
52012070
83322850
59947338
77218555
68091958
14534840
80164621
85117313
88923499
61362510
80327829
72276757
85720935
73311202
97791423
68825934
67124867
19086925
96523862
85951705
08089601
20734180
15689096
38633417
44814040
33963184
95358881
30151474
90694172
80570110
82114493
11538800
12692474
00740221
88252028
27531284
40837253
50608694
73445101
37227112
27114200
07913536
77108741
02303579
10373408
22915026
12058933
51563367
99009376
29418399
75327144
29101991
09959645
04390681
23774129
77672559
89767777
75252861
61558310
74438790
33211300
64501521
37268172
68679597
35838465
13958778
88228978
65494341
84020602
33873392
34163283
53389581
75313123
82782112
93165774
73509067
31480967
29393143
45569419
33901973
77776605
86279913
24851762
87793020
95370604
88327679
42372862
69198053
49256417
10037868
36915929
43136086
08489534
49444589
98069953
85649733
95786557
71004615
80969932
07429490
69183415
57195536
85492694
06912706
50331614
81833681
77705646
72591955
37985810
50543401
80823547
82047947
06558657
97545720
44620088
46204105
99824084
10466769
45982605
38383697
38041134
67258762
20890649
54935633
25913577
18011092
83860852
61071963
96087645
78425256
67995989
32680575
22768098
48568597
59811866
90167073
28224028
81150661
50877098
08646861
73162184
89962486
98297076
94852353
30134785
48648536
30642179
49954354
09087628
13420143
66357444
03455296
71746099
24040051
48524053
89078175
03492185
62248223
03318209
17171444
30483892
95399914
63926344
38101208
39251112
15992339
72741720
75590730
56130714
48046578
20943705
71056572
96277155
74716581
62247983
62644737
02865799
04721064
60310113
36456569
30342342
94555532
22046569
09054923
01962998
84425618
74976754
22600052
70799664
96186439
75470400
63689540
52383224
40028185
78662469
01621302
33332632
97563847
20507431
85034086
89233503
99665065
08296779
18300588
17699012
71141238
15915059
29546178
33618186
56031812
47218046
74143009
86545052
43939356
69128379
91792294
63174554
29178802
27830449
46370695
14077545
74655675
13313650
15089590
42332945
60568868
44462315
65035808
28206514
57529244
89433625
82541627
72551932
76927525
55940321
78290604
21303979
69592998
31298979
40719497
53839748
22862697
39098120
01541582
31793394
19281341
28663229
68191797
38204708
88255883
57914925
39030401
95762669
48630475
88485464
33477485
91347392
67468643
34123919
07684612
83393447
99302134
60058985
93931020
00514110
93319706
17343911
06430608
00635147
53010868
48332230
69129662
03542904
80960909
31970574
61406461
03261384
35819043
73483523
41983090
73306159
23471924
80180769
48004700
09050741
36085894
76938074
64696745
80901638
41670639
95292619
61161585
45797525
16210730
92936652
52046101
01715367
69227878
30541081
73942766
17630136
16665961
52072497
96074167
65963324
52795149
16663747
82503100
91256019
33790957
59970764
34005248
64701547
71687814
16347879
66548010
20334567
18199641
49242455
70332193
01207463
38092346
89628326
81779182
64932280
42186133
52888309
56525138
38151963
90224270
85114561
19361176
50374165
73518279
54068168
27615357
19379975
16464857
53459757
71544546
52857888
76806824
74502933
06532762
56634228
36266790
37811810
68647485
04045940
23005725
74210932
26665901
29299527
86419035
96953574
87217993
83248456
45190499
36235225
14319946
42099328
10494604
98118719
73283027
80357079
07298675
67996125
49491565
47380164
23077942
01861341
53608588
59155390
26444286
90112379
04735709
81469988
31789806
18300757
23824388
97192351
49304783
52430701
90935728
94543492
58380197
47291588
23956389
72834869
97431684
43427374
24834957
67351317
67203073
17990623
14591592
21618048
98815662
14274136
66032357
18817545
52859252
18044750
12106775
25011198
78904919
08381667
85836887
62010198
34630234
35727015
84058202
46972362
30241949
15102747
27809200
55769683
17154541
25891823
31334486
00379095
23280758
84936535
28924476
67760246
73637360
34090774
88244772
78193155
60739145
35409788
41490332
63163920
51412182
14284623
21497396
19208007
73232994
48844016
18822837
30455341
48861190
52872139
36064119
89435841
72912450
86830543
05491247
32678849
32502021
37989693
15311117
33856947
67873312
81646205
28374613
41077618
74029077
81631998
83850310
69790484
94219442
10567681
39496349
11023884
50833136
56015739
12994958
83558755
68246250
62649754
90434364
74781066
31863883
56403862
39941093
94752447
93662994
60089849
21771463
82217399
59592724
03447467
14132819
99938802
51850715
36523833
28104062
97685843
94099983
44632799
92053692
16042289
12146232
16637608
59286864
96941369
27151334
20267171
05207797
98528006
60116020
48069123
90975571
49436250
32447202
25071769
65797608
47161759
22001968
69188275
47937301
17351010
33206236
52125221
31301472
42176634
01069268
90257927
77314828
26439886
03345509
98067692
24520953
48011971
50235285
75554235
90854601
90779713
00301140
18713644
87362130
87133988
17066613
78795353
41415763
66524657
17292781
55005851
13450346
24372306
59102516
79606081
93996550
91390763
91631075
02861786
16464090
35357950
04867224
51525211
83264347
12884656
99513178
95777215
10981743
34092035
89871640
46997530
88644875
62330161
75032218
18218766
79521180
35435215
53061919
83368574
46775108
56571540
96778919
15320589
07281564
74077141
41955955
70235416
60078728
04203787
87423903
07006628
73680028
67134921
24061950
53017901
39550933
68921462
80056256
16428764
74213317
40380499
87940721
26226821
35194538
12139827
94272255
13679170
61848793
69611692
89914516
58065934
56751938
16605029
20930461
37561705
15568275
22702782
49658853
64499916
11013483
29281177
89808920
98352702
78144671
22291149
79500345
25938380
65029565
64590687
96293662
61701797
49486886
61403214
17721779
40529721
11155934
92672285
46283278
83185574
84346184
19984296
69163961
12197021
14101741
86704340
35292525
92211694
11662908
05863520
98858694
47600684
21843798
60654778
87539768
03639759
72688765
68014998
08295423
60565461
46358664
87150175
53171705
20491594
52160388
05249716
95299814
79949342
29931820
79962363
08764348
36232077
26607663
43113723
78564235
96315990
50814791
53911811
60200096
51124750
64441517
01164091
80671956
85674954
21823998
92794777
55382406
50205763
81018494
50479639
27731216
59071796
62982769
02875182
04622221
37958527
45909217
76176755
05612224
48504759
62304421
84243164
92000089
26240072
03220136
94577550
22318062
69367535
27518372
18845048
48338853
68077945
09833200
26033884
60004344
14088300
93211212
79272662
60724433
53281320
82956294
93132835
81122150
17007553
65244646
38533874
19260902
46148251
45530631
11645617
10414906
71357212
33194463
67128829
34040010
98540757
56637740
68894222
92820353
21794845
95934757
53556760
67511460
93179930
49664120
01412028
66779279
80023239
63027908
48457449
85727030
16267887
48208550
12830814
14610376
29614878
09993919
46688324
28314006
64516205
33119108
84865432
96021716
03714130
92514092
27449824
47352892
20310460
57737999
39751502
42473556
97254894
95826724
39417081
29906828
70618996
08692790
33849196
52414648
89840202
04442424
38941275
07102429
82448449
31882948
20191485
10229929
59170582
65850820
49940466
97557150
50897586
80343351
17088722
03518008
95356970
68936122
48319782
87529950
58820016
64874844
55315633
79671797
07217647
94201045
43103741
83134024
47517107
42451770
98759202
29195271
31638079
71381758
83423686
85897091
86009176
49464037
14938973
